00000000000000000000000000000000000000000000000000000000000000000000000000000000000000000000000000000000000000000000000000000000
00000000000000000000000000000000000000000000000000000000000000000000000000000000000000000000000000000000000000000000000000000000
00000000000000000000000000000000000000000000000000000000000000000000000000000000000000000000000000000000000000000000000000000000
00000000000000000000000000000000000000000000000000000000000000000000000000000000000000000000000000000000000000000000000000000000
11111111111110100000000000000001000000000000001111111111111110011111111111110111111111111111110011111111111110001111111111111001
11111111111110100000000000000000000000000000100011111111111110101111111111110011111111111111001111111111111100111111111111111100
11111111111111000000000000000001000000000000011011111111111111001111111111110011111111111111010011111111111100110000000000000000
11111111111110011111111111111101000000000000011011111111111110001111111111110110111111111111100011111111111101101111111111111101
11111111111111101111111111111111000000000000001011111111111111100000000000000000111111111111111100000000000000001111111111111100
00000000000001101111111111111011000000000000010100000000000010000000000000000011111111111111110000000000000000000000000000001000
11111111111111101111111111111101000000000000000011111111111111001111111111111100000000000000001011111111111111000000000000000001
11111111111111001111111111110111000000000000000011111111111101101111111111111100000000000000001011111111111111000000000000000101
00000000000001101111111111111100000000000000001000000000000001100000000000000100000000000000000000000000000000100000000000000110
00000000000011001111111111111001000000000000000100000000000001110000000000000111111111111111110100000000000001010000000000001001
00000000000010011111111111111100111111111111110111111111111111000000000000000010111111111111001100000000000001000000000000000010
00000000000000011111111111111100111111111111111011111111111101111111111111111011111111111111100011111111111111010000000000000000
