11111111111110000000000000000010000000000000001111111111111111110000000000000000000000000000110011111111111111101111111111111101
11111111111100011111111111111111000000000001000000000000000001101111111111111101000000000001101011111111111111111111111111110100
11111111111101011111111111111111000000000001000100000000000001111111111111111111000000000001100100000000000000001111111111111000
11111111111100111111111111111110000000000000100100000000000000001111111111111111000000000001001111111111111111011111111111110111
11111111111111000000000000000000111111111111111111111111111111111111111111111110000000000000000111111111111111111111111111111100
11111111111111111111111111111101000000000000101100000000000010001111111111111011000000000000101000000000000000111111111111110011
11111111111111110000000000000000000000000000000011111111111111000000000000000011000000000000011011111111111111110000000000000000
11111111111110111111111111111010000000000000001011111111111101100000000000000111000000000000100011111111111111111111111111111110
00000000000000101111111111111110000000000000011000000000000001001111111111111110000000000000010000000000000001001111111111111000
00000000000000101111111111111011000000000000011000000000000010001111111111111010000000000000011000000000000011001111111111110101
11111111111110101111111111111001111111111111110000000000000010101111111111110100000000000000011000000000000100011111111111111110
11111111111110011111111111111100111111111111110000000000000000101111111111111011000000000000101000000000000010000000000000000001
11111111111111000000000000000000111111111111111111111111111111111111111111111110000000000000000111111111111111111111111111111100
00000000000000000000000000000000000000000000000000000000000000000000000000000000000000000000000000000000000000000000000000000000
11111111111111111111111111111110111111111111110100000000000000101111111111111101000000000000000000000000000001100000000000000001
11111111111111101111111111111100111111111111101000000000000001001111111111111010000000000000000000000000000011000000000000000010
