11111111111110100000000000001000111111111111101011111111111111001111111111110010111111111111101111111111111011110000000000001110
00000000000001000000000000000001000000000000011100000000000000000000000000000101000000000000010011111111111111011111111111111110
00000000000001100000000000000001000000000000111100000000000000100000000000001111000000000000101011111111111101011111111111111000
00000000000000000000000000000000000000000000000000000000000000000000000000000000000000000000000000000000000000000000000000000000
11111111111110110000000000001011111111111111110000000000000000011111111111101101111111111111100111111111111110000000000000001111
00000000000000010000000000010011000000000000010000000000000010101111111111110000111111111111110000000000000000110000000000000100
00000000000001100000000000001101000000000000101100000000000001111111111111111110000000000000001100000000000000001111111111111101
00000000000000000000000000000000000000000000000000000000000000000000000000000000000000000000000000000000000000000000000000000000
00000000000000000000000000000000000000000000000000000000000000000000000000000000000000000000000000000000000000000000000000000000
00000000000000010000000000000101000000000000001000000000000001001111111111111100111111111111111100000000000001000000000000000000
00000000000000100000000000001010000000000000010000000000000010001111111111111000111111111111111000000000000010000000000000000000
00000000000000000000000000000000000000000000000000000000000000000000000000000000000000000000000000000000000000000000000000000000
00000000000000000000000000000000000000000000000000000000000000000000000000000000000000000000000000000000000000000000000000000000
00000000000000000000000000000000000000000000000000000000000000000000000000000000000000000000000000000000000000000000000000000000
00000000000000000000000000000000000000000000000000000000000000000000000000000000000000000000000000000000000000000000000000000000
00000000000000000000000000000000000000000000000000000000000000000000000000000000000000000000000000000000000000000000000000000000
